       1   1   1   1   0   1    585   579    45   522
       2   1   1   1   0   1    584   525    75    76
       3   1   1   1   0   1    583   561     6    49
       4   1   1   1   0   1    582   446    37   340
       5   1   1   1   0   1    581   490    44   266
       6   1   1   1   0   1    580   451    45   579
       7   1   1   1   0   1    578   477    53    51
       8   1   1   1   0   1    577   553   164    74
       9   1   1   1   0   1    576   482    30   511
      10   1   1   1   0   1    575   239    48   255
      11   1   1   1   0   1    574   293    40   441
      12   1   1   1   0   1    573   428    32   351
      13   1   1   1   0   1    572   419    34   373
      14   1   1   1   0   1    571   410    31   394
      15   1   1   1   0   1    570   185   186   405
      16   1   1   1   0   1    569    26    27   398
      17   1   1   1   0   1    568    63    64   377
      18   1   1   1   0   1    567    14    13    22
      19   1   1   1   0   1    566    71   175   355
      20   1   1   1   0   1    565    18    17   387
      21   1   1   1   0   1    564   179   181   344
      22   1   1   1   0   1    563   205   206   331
      23   1   1   1   0   1    562     5     6   561
      24   1   1   1   0   1    560    55    52   366
      25   1   1   1   0   1    559    60    59   323
      26   1   1   1   0   1    558   169   165   312
      27   1   1   1   0   1    557   174   173   301
      28   1   1   1   0   1    556   192   199   223
      29   1   1   1   0   1    555   198   195   290
      30   1   1   1   0   1    554   166   164   553
      31   1   1   1   0   1    552   190   189   258
      32   1   1   1   0   1    551     8     7   209
      33   1   1   1   0   1    550   197   196   247
      34   1   1   1   0   1    549   499   151   548
      35   1   1   1   0   1    547   546   161   543
      36   1   1   1   0   1    545   544   155   519
      37   1   1   1   0   1    542   529   157   541
      38   1   1   1   0   1    539   538   160   534
      39   1   1   1   0   1    536   535   162   163
      40   1   1   1   0   1    533   329   108   532
      41   1   1   1   0   1    531   530   158   526
      42   1   1   1   0   1    528   527    56    62
      43   1   1   1   0   1    524   450   137   523
      44   1   1   1   0   1    521   520   156   515
      45   1   1   1   0   1    517   516   110   336
      46   1   1   1   0   1    513   493   148   512
      47   1   1   1   0   1    510   509   153   506
      48   1   1   1   0   1    508   507    89   261
      49   1   1   1   0   1    505   454   138   504
      50   1   1   1   0   1    503   502   152   497
      51   1   1   1   0   1    500   498   151   499
      52   1   1   1   0   1    495   481   146   494
      53   1   1   1   0   1    492   491   149   487
      54   1   1   1   0   1    489   488    50    12
      55   1   1   1   0   1    486   253    87   485
      56   1   1   1   0   1    484   483   147   478
      57   1   1   1   0   1    480   479    73    54
      58   1   1   1   0   1    476   474   143   475
      59   1   1   1   0   1    473   472   145   467
      60   1   1   1   0   1    470   468   144   469
      61   1   1   1   0   1    465   244    83   464
      62   1   1   1   0   1    463   462   141   458
      63   1   1   1   0   1    460   459    86   250
      64   1   1   1   0   1    456   298    98   455
      65   1   1   1   0   1    453   452   139   447
      66   1   1   1   0   1    449   448   135   437
      67   1   1   1   0   1    445   432   133   444
      68   1   1   1   0   1    443   442   136   438
      69   1   1   1   0   1    440   439   113   347
      70   1   1   1   0   1    436   423   131   435
      71   1   1   1   0   1    434   433   134   429
      72   1   1   1   0   1    431   430   119   369
      73   1   1   1   0   1    427   414   129   426
      74   1   1   1   0   1    425   424   132   420
      75   1   1   1   0   1    422   421   124   390
      76   1   1   1   0   1    418    72   182   417
      77   1   1   1   0   1    416   415   130   411
      78   1   1   1   0   1    413   412   127   401
      79   1   1   1   0   1    409    24    25   408
      80   1   1   1   0   1    407   406   128   402
      81   1   1   1   0   1    404   403   125   395
      82   1   1   1   0   1    400    28    61   399
      83   1   1   1   0   1    397   396   126   391
      84   1   1   1   0   1    393   392   120   374
      85   1   1   1   0   1    389    16    15   388
      86   1   1   1   0   1    386   385   123   381
      87   1   1   1   0   1    383   382    23    68
      88   1   1   1   0   1    379    66    69   378
      89   1   1   1   0   1    376   375   121   370
      90   1   1   1   0   1    372   371   114   352
      91   1   1   1   0   1    368    20    19   367
      92   1   1   1   0   1    365   364   118   359
      93   1   1   1   0   1    362   360   117   361
      94   1   1   1   0   1    357   176   178   356
      95   1   1   1   0   1    354   353   115   348
      96   1   1   1   0   1    350   349   111   341
      97   1   1   1   0   1    346   184   187   345
      98   1   1   1   0   1    343   342   112   337
      99   1   1   1   0   1    339   338   107   326
     100   1   1   1   0   1    335     3     4   334
     101   1   1   1   0   1    333   332   109   327
     102   1   1   1   0   1    330   328   108   329
     103   1   1   1   0   1    325    58    57   324
     104   1   1   1   0   1    322   321   106   316
     105   1   1   1   0   1    319   317   105   318
     106   1   1   1   0   1    314    67    65   313
     107   1   1   1   0   1    311   310   103   305
     108   1   1   1   0   1    308   306   102   307
     109   1   1   1   0   1    303   172   171   302
     110   1   1   1   0   1    300   299   100   294
     111   1   1   1   0   1    297   295    99   296
     112   1   1   1   0   1    292   183   180   291
     113   1   1   1   0   1    289   288    97   283
     114   1   1   1   0   1    286   284    96   285
     115   1   1   1   0   1    281   177   191   280
     116   1   1   1   0   1    278   277    94   272
     117   1   1   1   0   1    274   273    77   218
     118   1   1   1   0   1    270   201   200   269
     119   1   1   1   0   1    268   267    91   262
     120   1   1   1   0   1    265   263    90   264
     121   1   1   1   0   1    260   168   167   259
     122   1   1   1   0   1    257   256    88   251
     123   1   1   1   0   1    254   252    87   253
     124   1   1   1   0   1    249   194   193   248
     125   1   1   1   0   1    246   245    85   240
     126   1   1   1   0   1    243   241    84   242
     127   1   1   1   0   1    238    10     9   237
     128   1   1   1   0   1    235   234    82   229
     129   1   1   1   0   1    231   230   207   203
     130   1   1   1   0   1    227   215   214   226
     131   1   1   1   0   1    225   224    79   219
     132   1   1   1   0   1    222   220    78   221
     133   1   1   1   0   1    548   151   579   585
     134   1   1   1   0   1    161   548   585   544
     135   1   1   1   0   1    544   585   522   155
     136   1   1   1   0   1    541   157   525   584
     137   1   1   1   0   1    160   541   584   535
     138   1   1   1   0   1    535   584    76   162
     139   1   1   1   0   1    532   108   561   583
     140   1   1   1   0   1    158   532   583   527
     141   1   1   1   0   1    527   583    49    56
     142   1   1   1   0   1    523   137   446   582
     143   1   1   1   0   1    156   523   582   516
     144   1   1   1   0   1    516   582   340   110
     145   1   1   1   0   1    512   148   490   581
     146   1   1   1   0   1    153   512   581   507
     147   1   1   1   0   1    507   581   266    89
     148   1   1   1   0   1    504   138   451   580
     149   1   1   1   0   1    152   504   580   498
     150   1   1   1   0   1    498   580   579   151
     151   1   1   1   0   1    494   146   477   578
     152   1   1   1   0   1    149   494   578   488
     153   1   1   1   0   1    488   578    51    50
     154   1   1   1   0   1    485    87   553   577
     155   1   1   1   0   1    147   485   577   479
     156   1   1   1   0   1    479   577    74    73
     157   1   1   1   0   1    475   143   482   576
     158   1   1   1   0   1    145   475   576   468
     159   1   1   1   0   1    468   576   511   144
     160   1   1   1   0   1    464    83   239   575
     161   1   1   1   0   1    141   464   575   459
     162   1   1   1   0   1    459   575   255    86
     163   1   1   1   0   1    455    98   293   574
     164   1   1   1   0   1    139   455   574   448
     165   1   1   1   0   1    448   574   441   135
     166   1   1   1   0   1    444   133   428   573
     167   1   1   1   0   1    136   444   573   439
     168   1   1   1   0   1    439   573   351   113
     169   1   1   1   0   1    435   131   419   572
     170   1   1   1   0   1    134   435   572   430
     171   1   1   1   0   1    430   572   373   119
     172   1   1   1   0   1    426   129   410   571
     173   1   1   1   0   1    132   426   571   421
     174   1   1   1   0   1    421   571   394   124
     175   1   1   1   0   1    417   182   185   570
     176   1   1   1   0   1    130   417   570   412
     177   1   1   1   0   1    412   570   405   127
     178   1   1   1   0   1    408    25    26   569
     179   1   1   1   0   1    128   408   569   403
     180   1   1   1   0   1    403   569   398   125
     181   1   1   1   0   1    399    61    63   568
     182   1   1   1   0   1    126   399   568   392
     183   1   1   1   0   1    392   568   377   120
     184   1   1   1   0   1    388    15    14   567
     185   1   1   1   0   1    123   388   567   382
     186   1   1   1   0   1    382   567    22    23
     187   1   1   1   0   1    378    69    71   566
     188   1   1   1   0   1    121   378   566   371
     189   1   1   1   0   1    371   566   355   114
     190   1   1   1   0   1    367    19    18   565
     191   1   1   1   0   1    118   367   565   360
     192   1   1   1   0   1    360   565   387   117
     193   1   1   1   0   1    356   178   179   564
     194   1   1   1   0   1    115   356   564   349
     195   1   1   1   0   1    349   564   344   111
     196   1   1   1   0   1    345   187   205   563
     197   1   1   1   0   1    112   345   563   338
     198   1   1   1   0   1    338   563   331   107
     199   1   1   1   0   1    334     4     5   562
     200   1   1   1   0   1    109   334   562   328
     201   1   1   1   0   1    328   562   561   108
     202   1   1   1   0   1    324    57    55   560
     203   1   1   1   0   1    106   324   560   317
     204   1   1   1   0   1    317   560   366   105
     205   1   1   1   0   1    313    65    60   559
     206   1   1   1   0   1    103   313   559   306
     207   1   1   1   0   1    306   559   323   102
     208   1   1   1   0   1    302   171   169   558
     209   1   1   1   0   1    100   302   558   295
     210   1   1   1   0   1    295   558   312    99
     211   1   1   1   0   1    291   180   174   557
     212   1   1   1   0   1     97   291   557   284
     213   1   1   1   0   1    284   557   301    96
     214   1   1   1   0   1    280   191   192   556
     215   1   1   1   0   1     94   280   556   273
     216   1   1   1   0   1    273   556   223    77
     217   1   1   1   0   1    269   200   198   555
     218   1   1   1   0   1     91   269   555   263
     219   1   1   1   0   1    263   555   290    90
     220   1   1   1   0   1    259   167   166   554
     221   1   1   1   0   1     88   259   554   252
     222   1   1   1   0   1    252   554   553    87
     223   1   1   1   0   1    248   193   190   552
     224   1   1   1   0   1     85   248   552   241
     225   1   1   1   0   1    241   552   258    84
     226   1   1   1   0   1    237     9     8   551
     227   1   1   1   0   1     82   237   551   230
     228   1   1   1   0   1    230   551   209   207
     229   1   1   1   0   1    226   214   197   550
     230   1   1   1   0   1     79   226   550   220
     231   1   1   1   0   1    220   550   247    78
     232   1   1   1   0   1    466    39   499   549
     233   1   1   1   0   1    142   466   549   546
     234   1   1   1   0   1    546   549   548   161
     235   1   1   1   0   1    471   142   546   547
     236   1   1   1   0   1     41   471   547   537
     237   1   1   1   0   1    537   547   543   159
     238   1   1   1   0   1    543   161   544   545
     239   1   1   1   0   1    159   543   545   540
     240   1   1   1   0   1    540   545   519    29
     241   1   1   1   0   1    540    29   529   542
     242   1   1   1   0   1    159   540   542   538
     243   1   1   1   0   1    538   542   541   160
     244   1   1   1   0   1    537   159   538   539
     245   1   1   1   0   1     41   537   539   276
     246   1   1   1   0   1    276   539   534    93
     247   1   1   1   0   1    534   160   535   536
     248   1   1   1   0   1     93   534   536   279
     249   1   1   1   0   1    279   536   163   170
     250   1   1   1   0   1    514    35   329   533
     251   1   1   1   0   1    154   514   533   530
     252   1   1   1   0   1    530   533   532   158
     253   1   1   1   0   1    518   154   530   531
     254   1   1   1   0   1     29   518   531   529
     255   1   1   1   0   1    529   531   526   157
     256   1   1   1   0   1    526   158   527   528
     257   1   1   1   0   1    157   526   528   525
     258   1   1   1   0   1    525   528    62    75
     259   1   1   1   0   1    522    45   450   524
     260   1   1   1   0   1    155   522   524   520
     261   1   1   1   0   1    520   524   523   156
     262   1   1   1   0   1    519   155   520   521
     263   1   1   1   0   1     29   519   521   518
     264   1   1   1   0   1    518   521   515   154
     265   1   1   1   0   1    515   156   516   517
     266   1   1   1   0   1    154   515   517   514
     267   1   1   1   0   1    514   517   336    35
     268   1   1   1   0   1    511    30   493   513
     269   1   1   1   0   1    144   511   513   509
     270   1   1   1   0   1    509   513   512   153
     271   1   1   1   0   1    469   144   509   510
     272   1   1   1   0   1     39   469   510   496
     273   1   1   1   0   1    496   510   506   150
     274   1   1   1   0   1    506   153   507   508
     275   1   1   1   0   1    150   506   508   501
     276   1   1   1   0   1    501   508   261    43
     277   1   1   1   0   1    282    42   454   505
     278   1   1   1   0   1     95   282   505   502
     279   1   1   1   0   1    502   505   504   152
     280   1   1   1   0   1    287    95   502   503
     281   1   1   1   0   1     43   287   503   501
     282   1   1   1   0   1    501   503   497   150
     283   1   1   1   0   1    497   152   498   500
     284   1   1   1   0   1    150   497   500   496
     285   1   1   1   0   1    496   500   499    39
     286   1   1   1   0   1    493    30   481   495
     287   1   1   1   0   1    148   493   495   491
     288   1   1   1   0   1    491   495   494   149
     289   1   1   1   0   1    490   148   491   492
     290   1   1   1   0   1     44   490   492   233
     291   1   1   1   0   1    233   492   487    81
     292   1   1   1   0   1    487   149   488   489
     293   1   1   1   0   1     81   487   489   236
     294   1   1   1   0   1    236   489    12    11
     295   1   1   1   0   1    474    46   253   486
     296   1   1   1   0   1    143   474   486   483
     297   1   1   1   0   1    483   486   485   147
     298   1   1   1   0   1    482   143   483   484
     299   1   1   1   0   1     30   482   484   481
     300   1   1   1   0   1    481   484   478   146
     301   1   1   1   0   1    478   147   479   480
     302   1   1   1   0   1    146   478   480   477
     303   1   1   1   0   1    477   480    54    53
     304   1   1   1   0   1    457    46   474   476
     305   1   1   1   0   1    140   457   476   472
     306   1   1   1   0   1    472   476   475   145
     307   1   1   1   0   1    461   140   472   473
     308   1   1   1   0   1     41   461   473   471
     309   1   1   1   0   1    471   473   467   142
     310   1   1   1   0   1    467   145   468   470
     311   1   1   1   0   1    142   467   470   466
     312   1   1   1   0   1    466   470   469    39
     313   1   1   1   0   1    271    47   244   465
     314   1   1   1   0   1     92   271   465   462
     315   1   1   1   0   1    462   465   464   141
     316   1   1   1   0   1    275    92   462   463
     317   1   1   1   0   1     41   275   463   461
     318   1   1   1   0   1    461   463   458   140
     319   1   1   1   0   1    458   141   459   460
     320   1   1   1   0   1    140   458   460   457
     321   1   1   1   0   1    457   460   250    46
     322   1   1   1   0   1    454    42   298   456
     323   1   1   1   0   1    138   454   456   452
     324   1   1   1   0   1    452   456   455   139
     325   1   1   1   0   1    451   138   452   453
     326   1   1   1   0   1     45   451   453   450
     327   1   1   1   0   1    450   453   447   137
     328   1   1   1   0   1    447   139   448   449
     329   1   1   1   0   1    137   447   449   446
     330   1   1   1   0   1    446   449   437    37
     331   1   1   1   0   1    304    38   432   445
     332   1   1   1   0   1    101   304   445   442
     333   1   1   1   0   1    442   445   444   136
     334   1   1   1   0   1    309   101   442   443
     335   1   1   1   0   1     40   309   443   441
     336   1   1   1   0   1    441   443   438   135
     337   1   1   1   0   1    438   136   439   440
     338   1   1   1   0   1    135   438   440   437
     339   1   1   1   0   1    437   440   347    37
     340   1   1   1   0   1    315    36   423   436
     341   1   1   1   0   1    104   315   436   433
     342   1   1   1   0   1    433   436   435   134
     343   1   1   1   0   1    320   104   433   434
     344   1   1   1   0   1     38   320   434   432
     345   1   1   1   0   1    432   434   429   133
     346   1   1   1   0   1    429   134   430   431
     347   1   1   1   0   1    133   429   431   428
     348   1   1   1   0   1    428   431   369    32
     349   1   1   1   0   1    358    33   414   427
     350   1   1   1   0   1    116   358   427   424
     351   1   1   1   0   1    424   427   426   132
     352   1   1   1   0   1    363   116   424   425
     353   1   1   1   0   1     36   363   425   423
     354   1   1   1   0   1    423   425   420   131
     355   1   1   1   0   1    420   132   421   422
     356   1   1   1   0   1    131   420   422   419
     357   1   1   1   0   1    419   422   390    34
     358   1   1   1   0   1    380    70    72   418
     359   1   1   1   0   1    122   380   418   415
     360   1   1   1   0   1    415   418   417   130
     361   1   1   1   0   1    384   122   415   416
     362   1   1   1   0   1     33   384   416   414
     363   1   1   1   0   1    414   416   411   129
     364   1   1   1   0   1    411   130   412   413
     365   1   1   1   0   1    129   411   413   410
     366   1   1   1   0   1    410   413   401    31
     367   1   1   1   0   1    213    21    24   409
     368   1   1   1   0   1    210   213   409   406
     369   1   1   1   0   1    406   409   408   128
     370   1   1   1   0   1    188   210   406   407
     371   1   1   1   0   1    186   188   407   405
     372   1   1   1   0   1    405   407   402   127
     373   1   1   1   0   1    402   128   403   404
     374   1   1   1   0   1    127   402   404   401
     375   1   1   1   0   1    401   404   395    31
     376   1   1   1   0   1    398    27    28   400
     377   1   1   1   0   1    125   398   400   396
     378   1   1   1   0   1    396   400   399   126
     379   1   1   1   0   1    395   125   396   397
     380   1   1   1   0   1     31   395   397   394
     381   1   1   1   0   1    394   397   391   124
     382   1   1   1   0   1    391   126   392   393
     383   1   1   1   0   1    124   391   393   390
     384   1   1   1   0   1    390   393   374    34
     385   1   1   1   0   1    387    17    16   389
     386   1   1   1   0   1    117   387   389   385
     387   1   1   1   0   1    385   389   388   123
     388   1   1   1   0   1    361   117   385   386
     389   1   1   1   0   1     33   361   386   384
     390   1   1   1   0   1    384   386   381   122
     391   1   1   1   0   1    381   123   382   383
     392   1   1   1   0   1    122   381   383   380
     393   1   1   1   0   1    380   383    68    70
     394   1   1   1   0   1    377    64    66   379
     395   1   1   1   0   1    120   377   379   375
     396   1   1   1   0   1    375   379   378   121
     397   1   1   1   0   1    374   120   375   376
     398   1   1   1   0   1     34   374   376   373
     399   1   1   1   0   1    373   376   370   119
     400   1   1   1   0   1    370   121   371   372
     401   1   1   1   0   1    119   370   372   369
     402   1   1   1   0   1    369   372   352    32
     403   1   1   1   0   1    366    52    20   368
     404   1   1   1   0   1    105   366   368   364
     405   1   1   1   0   1    364   368   367   118
     406   1   1   1   0   1    318   105   364   365
     407   1   1   1   0   1     36   318   365   363
     408   1   1   1   0   1    363   365   359   116
     409   1   1   1   0   1    359   118   360   362
     410   1   1   1   0   1    116   359   362   358
     411   1   1   1   0   1    358   362   361    33
     412   1   1   1   0   1    355   175   176   357
     413   1   1   1   0   1    114   355   357   353
     414   1   1   1   0   1    353   357   356   115
     415   1   1   1   0   1    352   114   353   354
     416   1   1   1   0   1     32   352   354   351
     417   1   1   1   0   1    351   354   348   113
     418   1   1   1   0   1    348   115   349   350
     419   1   1   1   0   1    113   348   350   347
     420   1   1   1   0   1    347   350   341    37
     421   1   1   1   0   1    344   181   184   346
     422   1   1   1   0   1    111   344   346   342
     423   1   1   1   0   1    342   346   345   112
     424   1   1   1   0   1    341   111   342   343
     425   1   1   1   0   1     37   341   343   340
     426   1   1   1   0   1    340   343   337   110
     427   1   1   1   0   1    337   112   338   339
     428   1   1   1   0   1    110   337   339   336
     429   1   1   1   0   1    336   339   326    35
     430   1   1   1   0   1    212     1     3   335
     431   1   1   1   0   1    211   212   335   332
     432   1   1   1   0   1    332   335   334   109
     433   1   1   1   0   1    208   211   332   333
     434   1   1   1   0   1    206   208   333   331
     435   1   1   1   0   1    331   333   327   107
     436   1   1   1   0   1    327   109   328   330
     437   1   1   1   0   1    107   327   330   326
     438   1   1   1   0   1    326   330   329    35
     439   1   1   1   0   1    323    59    58   325
     440   1   1   1   0   1    102   323   325   321
     441   1   1   1   0   1    321   325   324   106
     442   1   1   1   0   1    307   102   321   322
     443   1   1   1   0   1     38   307   322   320
     444   1   1   1   0   1    320   322   316   104
     445   1   1   1   0   1    316   106   317   319
     446   1   1   1   0   1    104   316   319   315
     447   1   1   1   0   1    315   319   318    36
     448   1   1   1   0   1    312   165    67   314
     449   1   1   1   0   1     99   312   314   310
     450   1   1   1   0   1    310   314   313   103
     451   1   1   1   0   1    296    99   310   311
     452   1   1   1   0   1     40   296   311   309
     453   1   1   1   0   1    309   311   305   101
     454   1   1   1   0   1    305   103   306   308
     455   1   1   1   0   1    101   305   308   304
     456   1   1   1   0   1    304   308   307    38
     457   1   1   1   0   1    301   173   172   303
     458   1   1   1   0   1     96   301   303   299
     459   1   1   1   0   1    299   303   302   100
     460   1   1   1   0   1    285    96   299   300
     461   1   1   1   0   1     42   285   300   298
     462   1   1   1   0   1    298   300   294    98
     463   1   1   1   0   1    294   100   295   297
     464   1   1   1   0   1     98   294   297   293
     465   1   1   1   0   1    293   297   296    40
     466   1   1   1   0   1    290   195   183   292
     467   1   1   1   0   1     90   290   292   288
     468   1   1   1   0   1    288   292   291    97
     469   1   1   1   0   1    264    90   288   289
     470   1   1   1   0   1     43   264   289   287
     471   1   1   1   0   1    287   289   283    95
     472   1   1   1   0   1    283    97   284   286
     473   1   1   1   0   1     95   283   286   282
     474   1   1   1   0   1    282   286   285    42
     475   1   1   1   0   1    279   170   177   281
     476   1   1   1   0   1     93   279   281   277
     477   1   1   1   0   1    277   281   280    94
     478   1   1   1   0   1    276    93   277   278
     479   1   1   1   0   1     41   276   278   275
     480   1   1   1   0   1    275   278   272    92
     481   1   1   1   0   1    272    94   273   274
     482   1   1   1   0   1     92   272   274   271
     483   1   1   1   0   1    271   274   218    47
     484   1   1   1   0   1    228   202   201   270
     485   1   1   1   0   1     80   228   270   267
     486   1   1   1   0   1    267   270   269    91
     487   1   1   1   0   1    232    80   267   268
     488   1   1   1   0   1     44   232   268   266
     489   1   1   1   0   1    266   268   262    89
     490   1   1   1   0   1    262    91   263   265
     491   1   1   1   0   1     89   262   265   261
     492   1   1   1   0   1    261   265   264    43
     493   1   1   1   0   1    258   189   168   260
     494   1   1   1   0   1     84   258   260   256
     495   1   1   1   0   1    256   260   259    88
     496   1   1   1   0   1    242    84   256   257
     497   1   1   1   0   1     48   242   257   255
     498   1   1   1   0   1    255   257   251    86
     499   1   1   1   0   1    251    88   252   254
     500   1   1   1   0   1     86   251   254   250
     501   1   1   1   0   1    250   254   253    46
     502   1   1   1   0   1    247   196   194   249
     503   1   1   1   0   1     78   247   249   245
     504   1   1   1   0   1    245   249   248    85
     505   1   1   1   0   1    221    78   245   246
     506   1   1   1   0   1     47   221   246   244
     507   1   1   1   0   1    244   246   240    83
     508   1   1   1   0   1    240    85   241   243
     509   1   1   1   0   1     83   240   243   239
     510   1   1   1   0   1    239   243   242    48
     511   1   1   1   0   1    236    11    10   238
     512   1   1   1   0   1     81   236   238   234
     513   1   1   1   0   1    234   238   237    82
     514   1   1   1   0   1    233    81   234   235
     515   1   1   1   0   1     44   233   235   232
     516   1   1   1   0   1    232   235   229    80
     517   1   1   1   0   1    229    82   230   231
     518   1   1   1   0   1     80   229   231   228
     519   1   1   1   0   1    228   231   203   202
     520   1   1   1   0   1    217     2   215   227
     521   1   1   1   0   1    216   217   227   224
     522   1   1   1   0   1    224   227   226    79
     523   1   1   1   0   1    204   216   224   225
     524   1   1   1   0   1    199   204   225   223
     525   1   1   1   0   1    223   225   219    77
     526   1   1   1   0   1    219    79   220   222
     527   1   1   1   0   1     77   219   222   218
     528   1   1   1   0   1    218   222   221    47

