       1   1   1   1   0   1    161   151    45   155
       2   1   1   1   0   1    160   157     6    49
       3   1   1   1   0   1    158   108     4     5
       4   1   1   1   0   1    156   137    37   110
       5   1   1   1   0   1    153   148    44    89
       6   1   1   1   0   1    152   138    45   151
       7   1   1   1   0   1    149   146    11    10
       8   1   1   1   0   1    147    87    50    12
       9   1   1   1   0   1    145   143    30   144
      10   1   1   1   0   1    141    83    48    86
      11   1   1   1   0   1    139    98    40   135
      12   1   1   1   0   1    136   133    32   113
      13   1   1   1   0   1    134   131    34   119
      14   1   1   1   0   1    132   129    31   124
      15   1   1   1   0   1    130    68    70   127
      16   1   1   1   0   1    128    24    25   125
      17   1   1   1   0   1    126    26    27   120
      18   1   1   1   0   1    123    14    13    22
      19   1   1   1   0   1    121    28    61   114
      20   1   1   1   0   1    118    16    15   117
      21   1   1   1   0   1    115    63    64   111
      22   1   1   1   0   1    112    66    69   107
      23   1   1   1   0   1    109     3     4   108
      24   1   1   1   0   1    106    18    17   105
      25   1   1   1   0   1    103    20    19   102
      26   1   1   1   0   1    100    55    52    99
      27   1   1   1   0   1     97    58    57    96
      28   1   1   1   0   1     94    62    75    77
      29   1   1   1   0   1     91    60    59    90
      30   1   1   1   0   1     88    51    50    87
      31   1   1   1   0   1     85    54    53    84
      32   1   1   1   0   1     82     8     7    67
      33   1   1   1   0   1     79    74    73    78
      34   1   1   1   0   1    142    39   151   161
      35   1   1   1   0   1     41   142   161   159
      36   1   1   1   0   1    159   161   155    29
      37   1   1   1   0   1    159    29   157   160
      38   1   1   1   0   1     41   159   160    93
      39   1   1   1   0   1     93   160    49    56
      40   1   1   1   0   1    154    35   108   158
      41   1   1   1   0   1     29   154   158   157
      42   1   1   1   0   1    157   158     5     6
      43   1   1   1   0   1    155    45   137   156
      44   1   1   1   0   1     29   155   156   154
      45   1   1   1   0   1    154   156   110    35
      46   1   1   1   0   1    144    30   148   153
      47   1   1   1   0   1     39   144   153   150
      48   1   1   1   0   1    150   153    89    43
      49   1   1   1   0   1     95    42   138   152
      50   1   1   1   0   1     43    95   152   150
      51   1   1   1   0   1    150   152   151    39
      52   1   1   1   0   1    148    30   146   149
      53   1   1   1   0   1     44   148   149    81
      54   1   1   1   0   1     81   149    10     9
      55   1   1   1   0   1    143    46    87   147
      56   1   1   1   0   1     30   143   147   146
      57   1   1   1   0   1    146   147    12    11
      58   1   1   1   0   1    140    46   143   145
      59   1   1   1   0   1     41   140   145   142
      60   1   1   1   0   1    142   145   144    39
      61   1   1   1   0   1     92    47    83   141
      62   1   1   1   0   1     41    92   141   140
      63   1   1   1   0   1    140   141    86    46
      64   1   1   1   0   1    138    42    98   139
      65   1   1   1   0   1     45   138   139   137
      66   1   1   1   0   1    137   139   135    37
      67   1   1   1   0   1    101    38   133   136
      68   1   1   1   0   1     40   101   136   135
      69   1   1   1   0   1    135   136   113    37
      70   1   1   1   0   1    104    36   131   134
      71   1   1   1   0   1     38   104   134   133
      72   1   1   1   0   1    133   134   119    32
      73   1   1   1   0   1    116    33   129   132
      74   1   1   1   0   1     36   116   132   131
      75   1   1   1   0   1    131   132   124    34
      76   1   1   1   0   1    122    23    68   130
      77   1   1   1   0   1     33   122   130   129
      78   1   1   1   0   1    129   130   127    31
      79   1   1   1   0   1     72    21    24   128
      80   1   1   1   0   1     70    72   128   127
      81   1   1   1   0   1    127   128   125    31
      82   1   1   1   0   1    125    25    26   126
      83   1   1   1   0   1     31   125   126   124
      84   1   1   1   0   1    124   126   120    34
      85   1   1   1   0   1    117    15    14   123
      86   1   1   1   0   1     33   117   123   122
      87   1   1   1   0   1    122   123    22    23
      88   1   1   1   0   1    120    27    28   121
      89   1   1   1   0   1     34   120   121   119
      90   1   1   1   0   1    119   121   114    32
      91   1   1   1   0   1    105    17    16   118
      92   1   1   1   0   1     36   105   118   116
      93   1   1   1   0   1    116   118   117    33
      94   1   1   1   0   1    114    61    63   115
      95   1   1   1   0   1     32   114   115   113
      96   1   1   1   0   1    113   115   111    37
      97   1   1   1   0   1    111    64    66   112
      98   1   1   1   0   1     37   111   112   110
      99   1   1   1   0   1    110   112   107    35
     100   1   1   1   0   1     71     1     3   109
     101   1   1   1   0   1     69    71   109   107
     102   1   1   1   0   1    107   109   108    35
     103   1   1   1   0   1    102    19    18   106
     104   1   1   1   0   1     38   102   106   104
     105   1   1   1   0   1    104   106   105    36
     106   1   1   1   0   1     99    52    20   103
     107   1   1   1   0   1     40    99   103   101
     108   1   1   1   0   1    101   103   102    38
     109   1   1   1   0   1     96    57    55   100
     110   1   1   1   0   1     42    96   100    98
     111   1   1   1   0   1     98   100    99    40
     112   1   1   1   0   1     90    59    58    97
     113   1   1   1   0   1     43    90    97    95
     114   1   1   1   0   1     95    97    96    42
     115   1   1   1   0   1     93    56    62    94
     116   1   1   1   0   1     41    93    94    92
     117   1   1   1   0   1     92    94    77    47
     118   1   1   1   0   1     80    65    60    91
     119   1   1   1   0   1     44    80    91    89
     120   1   1   1   0   1     89    91    90    43
     121   1   1   1   0   1     84    53    51    88
     122   1   1   1   0   1     48    84    88    86
     123   1   1   1   0   1     86    88    87    46
     124   1   1   1   0   1     78    73    54    85
     125   1   1   1   0   1     47    78    85    83
     126   1   1   1   0   1     83    85    84    48
     127   1   1   1   0   1     81     9     8    82
     128   1   1   1   0   1     44    81    82    80
     129   1   1   1   0   1     80    82    67    65
     130   1   1   1   0   1     76     2    74    79
     131   1   1   1   0   1     75    76    79    77
     132   1   1   1   0   1     77    79    78    47

