        1     0.00000000000       0.00000000000       0.00000000000    
        2     45.0000000000       0.00000000000       0.00000000000    
        3     3.94077926151       0.00000000000       0.00000000000    
        4     7.88155852302       0.00000000000       0.00000000000    
        5     11.8221750000       0.00000000000       0.00000000000    
        6     15.7631170460       0.00000000000       0.00000000000    
        7     60.0000000000       15.0000000000       0.00000000000    
        8     59.0189922469       14.9678864169       0.00000000000    
        9     58.0420681821       14.8716677947       0.00000000000    
       10     57.0736451694       14.7117792060       0.00000000000    
       11     56.1177143234       14.4888873943       0.00000000000    
       12     55.1783708345       14.2039393194       0.00000000000    
       13     60.0000000000       100.000000000       0.00000000000    
       14     60.0000000000       94.7784500000       0.00000000000    
       15     60.0000000000       89.5564750000       0.00000000000    
       16     60.0000000000       84.3349250000       0.00000000000    
       17     60.0000000000       79.1130880551       0.00000000000    
       18     60.0000000000       74.9751500000       0.00000000000    
       19     60.0000000000       70.8365000000       0.00000000000    
       20     60.0000000000       66.6987000000       0.00000000000    
       21     0.00000000000       100.000000000       0.00000000000    
       22     55.0000000000       100.000000000       0.00000000000    
       23     50.0000000000       100.000000000       0.00000000000    
       24     0.00000000000       95.2118956249       0.00000000000    
       25     0.00000000000       90.4237912497       0.00000000000    
       26     0.00000000000       85.6360000000       0.00000000000    
       27     0.00000000000       80.8475824995       0.00000000000    
       28     0.00000000000       76.3275000000       0.00000000000    
       29     25.7646209295       12.2887025505       0.00000000000    
       30     46.4292717402       15.4488914873       0.00000000000    
       31     19.9138315279       81.8531234605       0.00000000000    
       32     19.1628261715       48.4344855096       0.00000000000    
       33     40.2640966327       80.3239817529       0.00000000000    
       34     19.4507943203       64.7799189875       0.00000000000    
       35     14.0586111057       14.6100852071       0.00000000000    
       36     39.6691529791       64.5142530898       0.00000000000    
       37     19.9079129416       31.7911186289       0.00000000000    
       38     39.0416758682       50.5030396450       0.00000000000    
       39     39.3116228742       18.4657441116       0.00000000000    
       40     39.8613904753       38.4695375479       0.00000000000    
       41     35.6654521512       9.90872728925       0.00000000000    
       42     43.7917440499       29.6552204562       0.00000000000    
       43     48.2334710093       23.3015720143       0.00000000000    
       44     52.1796880277       18.6054011106       0.00000000000    
       45     31.1987382489       23.4020064155       0.00000000000    
       46     44.0429716217       11.3010294586       0.00000000000    
       47     41.8625814238       5.16123232699       0.00000000000    
       48     44.9986278165       8.08930487708       0.00000000000    
       49     18.5818500000       0.00000000000       0.00000000000    
       50     54.2597485137       13.8581929873       0.00000000000    
       51     53.3657048650       13.4531084907       0.00000000000    
       52     60.0000000000       62.5600197993       0.00000000000    
       53     52.4999999984       12.9903810558       0.00000000000    
       54     51.6665444569       12.4721096335       0.00000000000    
       55     60.0000000000       59.2807500000       0.00000000000    
       56     21.4006500000       0.00000000000       0.00000000000    
       57     60.0000000000       56.0010250000       0.00000000000    
       58     60.0000000000       52.7217250000       0.00000000000    
       59     60.0000000000       49.4415622023       0.00000000000    
       60     60.0000000000       46.8427000000       0.00000000000    
       61     0.00000000000       71.8070000000       0.00000000000    
       62     24.2194500000       0.00000000000       0.00000000000    
       63     0.00000000000       67.2865000000       0.00000000000    
       64     0.00000000000       62.7660243261       0.00000000000    
       65     60.0000000000       44.2434000000       0.00000000000    
       66     0.00000000000       58.4985000000       0.00000000000    
       67     60.0000000000       41.6441000000       0.00000000000    
       68     45.0003000000       100.000000000       0.00000000000    
       69     0.00000000000       54.2305000000       0.00000000000    
       70     40.0000000000       100.000000000       0.00000000000    
       71     0.00000000000       49.9630000000       0.00000000000    
       72     35.0001000000       100.000000000       0.00000000000    
       73     50.8686097162       11.9003240076       0.00000000000    
       74     50.1098718193       11.2776488937       0.00000000000    
       75     27.0385767440       0.00000000000       0.00000000000    
       76     29.0544750000       0.00000000000       0.00000000000    
       77     41.1117082915       2.70117802516       0.00000000000    
       78     43.7619277788       4.20168239758       0.00000000000    
       79     43.1709721273       2.21256302111       0.00000000000    
       80     55.9380054291       19.3051584282       0.00000000000    
       81     54.0616419460       16.5532102066       0.00000000000    
       82     56.8937160480       17.0986472318       0.00000000000    
       83     43.5019881966       6.62880278148       0.00000000000    
       84     45.8284526555       7.72540858064       0.00000000000    
       85     44.7415749960       5.97193147396       0.00000000000    
       86     44.5186950732       9.47943938108       0.00000000000    
       87     47.3831010847       10.9975048696       0.00000000000    
       88     46.5518101460       9.51176187756       0.00000000000    
       89     50.2736118382       20.7933246189       0.00000000000    
       90     53.9559328612       24.3364441756       0.00000000000    
       91     54.9950989632       21.6703875781       0.00000000000    
       92     39.0971425493       6.72274319213       0.00000000000    
       93     34.4673929626       4.96089746753       0.00000000000    
       94     37.9033671457       3.83439452828       0.00000000000    
       95     46.0629900880       26.2234939578       0.00000000000    
       96     51.6712929613       30.8630369161       0.00000000000    
       97     52.8268527115       27.3764710731       0.00000000000    
       98     41.5461807160       33.6980685028       0.00000000000    
       99     49.8007259642       39.4339311424       0.00000000000    
      100     50.5783358926       34.8738915861       0.00000000000    
      101     39.1114675618       44.1118832845       0.00000000000    
      102     49.3759502697       49.8795920572       0.00000000000    
      103     49.4216313078       44.5367481157       0.00000000000    
      104     39.2105267592       57.4159375010       0.00000000000    
      105     49.8345764895       63.5371364445       0.00000000000    
      106     49.6052633796       56.7083642509       0.00000000000    
      107     7.37636603633       14.9815434541       0.00000000000    
      108     13.9178023743       7.01165955259       0.00000000000    
      109     7.29947612385       7.05231915574       0.00000000000    
      110     16.4344529058       22.8321268992       0.00000000000    
      111     9.57122791984       31.0137970282       0.00000000000    
      112     8.48771874821       23.0265871403       0.00000000000    
      113     19.2241732327       40.3850768346       0.00000000000    
      114     9.55521423264       47.1627087881       0.00000000000    
      115     9.63733279784       38.9684221176       0.00000000000    
      116     39.9666248059       72.4191174214       0.00000000000    
      117     50.1320483163       79.7185349040       0.00000000000    
      118     49.9833124029       71.6278356743       0.00000000000    
      119     19.2959325827       56.4618703320       0.00000000000    
      120     9.69371756837       63.9649669314       0.00000000000    
      121     9.61743463100       55.4313207230       0.00000000000    
      122     40.1320483163       90.1619908765       0.00000000000    
      123     50.0660241582       89.8592674520       0.00000000000    
      124     19.6801495486       73.2417042646       0.00000000000    
      125     9.85908720431       81.6618563594       0.00000000000    
      126     9.76545866304       72.7131744430       0.00000000000    
      127     20.0347799966       90.8231870928       0.00000000000    
      128     9.97715827196       90.6989411057       0.00000000000    
      129     30.0863648603       81.1360818381       0.00000000000    
      130     30.1706922267       90.5426055765       0.00000000000    
      131     29.3948451924       64.9642018957       0.00000000000    
      132     29.7176278176       72.9876012121       0.00000000000    
      133     28.9237662676       49.6693352471       0.00000000000    
      134     29.0969708180       57.1885077918       0.00000000000    
      135     30.0778471750       36.1787475580       0.00000000000    
      136     28.8272871657       42.4463634909       0.00000000000    
      137     26.3579821361       26.9393030095       0.00000000000    
      138     36.7029916051       27.2754916774       0.00000000000    
      139     33.0786851676       31.2000512275       0.00000000000    
      140     40.2506125408       11.0273337237       0.00000000000    
      141     41.4022970275       8.59124728609       0.00000000000    
      142     36.7077681981       14.7059089197       0.00000000000    
      143     44.7587583662       13.3708612584       0.00000000000    
      144     42.9127072569       16.8351939392       0.00000000000    
      145     40.8683283461       13.9628526163       0.00000000000    
      146     49.7854134419       14.1345239492       0.00000000000    
      147     48.4874434697       12.5331651595       0.00000000000    
      148     48.9317332752       17.2532998674       0.00000000000    
      149     51.6582482979       15.5261129671       0.00000000000    
      150     43.2571771615       21.3333223975       0.00000000000    
      151     35.4398799077       20.6454031551       0.00000000000    
      152     40.1181089987       24.0022567766       0.00000000000    
      153     46.1708887234       19.1389846157       0.00000000000    
      154     20.0212759945       13.3733477324       0.00000000000    
      155     27.5400409180       18.2026017931       0.00000000000    
      156     22.2222232420       20.5492531580       0.00000000000    
      157     25.9869904179       6.10749435196       0.00000000000    
      158     20.1561098833       6.65799777336       0.00000000000    
      159     30.9037465470       11.0689692507       0.00000000000    
      160     30.5086927883       5.65459240857       0.00000000000    
      161     32.3957590505       16.1821490561       0.00000000000    
      162     31.0711500000       0.00000000000       0.00000000000    
      163     33.0873750000       0.00000000000       0.00000000000    
      164     49.3933982796       10.6066017152       0.00000000000    
      165     60.0000000000       39.0450648845       0.00000000000    
      166     48.7224287765       9.89021674687       0.00000000000    
      167     48.0996759860       9.13139027545       0.00000000000    
      168     47.5279558120       8.33355349018       0.00000000000    
      169     60.0000000000       36.9852500000       0.00000000000    
      170     35.1039860809       0.00000000000       0.00000000000    
      171     60.0000000000       34.9252750000       0.00000000000    
      172     60.0000000000       32.8657250000       0.00000000000    
      173     60.0000000000       30.8057459187       0.00000000000    
      174     60.0000000000       29.1733250000       0.00000000000    
      175     0.00000000000       45.6954510699       0.00000000000    
      176     0.00000000000       41.6660000000       0.00000000000    
      177     36.5463000000       0.00000000000       0.00000000000    
      178     0.00000000000       37.6370000000       0.00000000000    
      179     0.00000000000       33.6080000000       0.00000000000    
      180     60.0000000000       27.5409000000       0.00000000000    
      181     0.00000000000       29.5793360481       0.00000000000    
      182     30.0000000000       100.000000000       0.00000000000    
      183     60.0000000000       25.9084750000       0.00000000000    
      184     0.00000000000       25.7755000000       0.00000000000    
      185     24.9999000000       100.000000000       0.00000000000    
      186     20.0000000000       100.000000000       0.00000000000    
      187     0.00000000000       21.9715000000       0.00000000000    
      188     15.0000000000       100.000000000       0.00000000000    
      189     47.0096189405       7.49999999525       0.00000000000    
      190     46.5468915058       6.63429512778       0.00000000000    
      191     37.9885500000       0.00000000000       0.00000000000    
      192     39.4308000000       0.00000000000       0.00000000000    
      193     46.1418070102       5.74025148034       0.00000000000    
      194     45.7960606789       4.82162916052       0.00000000000    
      195     60.0000000000       24.2760104758       0.00000000000    
      196     45.5111126038       3.88228566948       0.00000000000    
      197     45.2882437770       2.92647037134       0.00000000000    
      198     60.0000000000       22.9823500000       0.00000000000    
      199     40.8732256075       0.00000000000       0.00000000000    
      200     60.0000000000       21.6886500000       0.00000000000    
      201     60.0000000000       20.3949500000       0.00000000000    
      202     60.0000000000       19.1011355701       0.00000000000    
      203     60.0000000000       18.0761500000       0.00000000000    
      204     41.9046750000       0.00000000000       0.00000000000    
      205     0.00000000000       18.1680000000       0.00000000000    
      206     0.00000000000       14.3643131254       0.00000000000    
      207     60.0000000000       17.0505677851       0.00000000000    
      208     0.00000000000       10.7730000000       0.00000000000    
      209     60.0000000000       16.0252838925       0.00000000000    
      210     9.99990000000       100.000000000       0.00000000000    
      211     0.00000000000       7.18200000000       0.00000000000    
      212     0.00000000000       3.59100000000       0.00000000000    
      213     5.00010000000       100.000000000       0.00000000000    
      214     45.1283270789       1.95789287968       0.00000000000    
      215     45.0321161513      0.981046936630       0.00000000000    
      216     42.9365250000       0.00000000000       0.00000000000    
      217     43.9681500000       0.00000000000       0.00000000000    
      218     41.3866783667       4.00002153725       0.00000000000    
      219     42.1225271143       2.44677037265       0.00000000000    
      220     43.4285967823       3.23991772166       0.00000000000    
      221     42.8138548993       4.54896797914       0.00000000000    
      222     42.3952726607       3.56766784367       0.00000000000    
      223     40.8416977895       1.39426793053       0.00000000000    
      224     43.0076709292       1.12885709414       0.00000000000    
      225     41.9493990645       1.23711799418       0.00000000000    
      226     44.2400828521       2.07442389777       0.00000000000    
      227     44.0531305508       1.04032203459       0.00000000000    
      228     57.9573529637       19.3599343840       0.00000000000    
      229     56.4103871599       18.1935110334       0.00000000000    
      230     58.4243775468       17.1522557628       0.00000000000    
      231     58.1778176424       18.2195864570       0.00000000000    
      232     54.0068034875       19.0476029516       0.00000000000    
      233     53.1093264188       17.5742958956       0.00000000000    
      234     55.4380509162       16.8854172957       0.00000000000    
      235     54.7213443110       17.9587001764       0.00000000000    
      236     55.0451986343       15.5324161039       0.00000000000    
      237     57.4223288329       16.0101819229       0.00000000000    
      238     56.2068148771       15.8207994108       0.00000000000    
      239     44.2503080065       7.35905382928       0.00000000000    
      240     44.1067221640       6.28704066396       0.00000000000    
      241     45.3017484953       6.84463593110       0.00000000000    
      242     45.4088866736       7.91011475240       0.00000000000    
      243     44.7315006686       7.04923161960       0.00000000000    
      244     42.7536683867       5.89855173368       0.00000000000    
      245     44.2239726392       5.06798689087       0.00000000000    
      246     43.4212156206       5.42237871216       0.00000000000    
      247     44.6487040060       3.99212762367       0.00000000000    
      248     45.4359117914       5.81434429996       0.00000000000    
      249     45.0341335042       4.91844919056       0.00000000000    
      250     44.0486368016       10.3517128982       0.00000000000    
      251     45.5397680086       9.62220509626       0.00000000000    
      252     46.8734235934       10.2698121264       0.00000000000    
      253     45.7875415124       11.2177502806       0.00000000000    
      254     45.6662973385       10.3887853213       0.00000000000    
      255     44.8927628503       8.79412932177       0.00000000000    
      256     46.2449504501       8.67402861410       0.00000000000    
      257     45.5541085940       8.81240301157       0.00000000000    
      258     46.4143822356       7.61546231149       0.00000000000    
      259     47.4459795773       9.31336585064       0.00000000000    
      260     46.8900680217       8.50203202855       0.00000000000    
      261     49.2871775136       21.9862377577       0.00000000000    
      262     52.5615083038       21.3487092854       0.00000000000    
      263     54.4743373188       22.9734261692       0.00000000000    
      264     51.0299435870       23.9315190726       0.00000000000    
      265     51.8208770299       22.5841639150       0.00000000000    
      266     51.2480705525       19.6645681719       0.00000000000    
      267     55.4636133403       20.4570068007       0.00000000000    
      268     53.2982797396       20.1754159810       0.00000000000    
      269     57.4868127547       21.7581751904       0.00000000000    
      270     57.7341893444       20.5299545622       0.00000000000    
      271     40.5512455630       5.94552193901       0.00000000000    
      272     38.2988211979       5.49475045273       0.00000000000    
      273     39.4836337437       3.29189855336       0.00000000000    
      274     40.0174396534       4.61871024618       0.00000000000    
      275     37.5028030160       8.07585012750       0.00000000000    
      276     34.8074327579       7.40165681814       0.00000000000    
      277     36.2401564118       4.44301970506       0.00000000000    
      278     36.5863141493       6.50815350484       0.00000000000    
      279     34.5701616776       2.47965346493       0.00000000000    
      280     37.8299396520       1.97140878747       0.00000000000    
      281     36.2390637017       2.28520221855       0.00000000000    
      282     44.9342393119       27.8781012983       0.00000000000    
      283     49.3589440556       26.9313981257       0.00000000000    
      284     52.2553155274       29.0557786673       0.00000000000    
      285     47.6481600336       30.4313025416       0.00000000000    
      286     48.5140952214       28.5970999427       0.00000000000    
      287     47.1992329985       24.6878149406       0.00000000000    
      288     53.4083708914       25.7626710447       0.00000000000    
      289     50.2112418717       25.3696404763       0.00000000000    
      290     56.9667568715       24.4871942214       0.00000000000    
      291     56.3829569465       27.5638983717       0.00000000000    
      292     56.7111706485       25.9585828092       0.00000000000    
      293     40.5624906000       35.9491272237       0.00000000000    
      294     46.0101684477       34.4429054706       0.00000000000    
      295     50.1514486675       37.0390376331       0.00000000000    
      296     44.7964412639       39.0974372872       0.00000000000    
      297     45.3611777162       36.6244513458       0.00000000000    
      298     42.6288106678       31.5802720618       0.00000000000    
      299     51.1090189668       32.7889742640       0.00000000000    
      300     46.7877320005       32.3637805420       0.00000000000    
      301     55.7877988921       31.0099067482       0.00000000000    
      302     55.2736992327       34.9864061151       0.00000000000    
      303     55.5469734719       32.9353979185       0.00000000000    
      304     39.0130674669       47.2240690602       0.00000000000    
      305     44.2665494348       44.3243157001       0.00000000000    
      306     49.3987907887       47.2081700865       0.00000000000    
      307     44.2088130689       50.1913158511       0.00000000000    
      308     44.1224179880       47.2594145467       0.00000000000    
      309     39.3883041942       41.1863742685       0.00000000000    
      310     49.5772326094       41.9689331067       0.00000000000    
      311     44.5055173021       41.6301923972       0.00000000000    
      312     54.8664169555       39.2230914911       0.00000000000    
      313     54.7108156539       44.3900740579       0.00000000000    
      314     54.7886163047       41.8065827745       0.00000000000    
      315     39.4398398692       60.9650952954       0.00000000000    
      316     44.4078950694       57.0621508760       0.00000000000    
      317     49.7199199346       60.1227503477       0.00000000000    
      318     44.7518647343       64.0256947672       0.00000000000    
      319     44.5798799019       60.5439228216       0.00000000000    
      320     39.1261013137       53.9594885730       0.00000000000    
      321     49.4906068247       53.2939781541       0.00000000000    
      322     44.3083540692       53.6267333635       0.00000000000    
      323     54.6879751348       49.6605771298       0.00000000000    
      324     54.8026316898       56.3546946255       0.00000000000    
      325     54.7453034123       53.0076358776       0.00000000000    
      326     10.8542907219       14.9282363736       0.00000000000    
      327     7.16145062624       10.9864985909       0.00000000000    
      328     10.5801344038       6.95723331707       0.00000000000    
      329     13.7235527630       10.6781427035       0.00000000000    
      330     10.4918013897       10.8929231221       0.00000000000    
      331     3.75633661194       14.8004811004       0.00000000000    
      332     3.64973806192       7.11715957787       0.00000000000    
      333     3.64422422163       10.9124827026       0.00000000000    
      334     7.49287190569       3.46568757301       0.00000000000    
      335     3.76229548671       3.52431034431       0.00000000000    
      336     15.0869383866       18.5717586059       0.00000000000    
      337     12.6056531172       23.1685945920       0.00000000000    
      338     7.84929660585       18.9857716452       0.00000000000    
      339     11.5590683666       18.9987479515       0.00000000000    
      340     18.1399915442       27.2949481385       0.00000000000    
      341     14.4918310353       31.4686776381       0.00000000000    
      342     9.12186345257       27.0400544606       0.00000000000    
      343     13.7303682326       27.3722106677       0.00000000000    
      344     4.73498740244       30.3739894038       0.00000000000    
      345     4.27280110197       22.6196143752       0.00000000000    
      346     4.55551185921       26.4971706474       0.00000000000    
      347     19.4298910530       36.2938025452       0.00000000000    
      348     14.4220986547       39.6345597416       0.00000000000    
      349     9.59562599827       34.9489198384       0.00000000000    
      350     14.5652388530       35.5101714723       0.00000000000    
      351     19.1683997477       44.4163480489       0.00000000000    
      352     14.3339202477       47.8051640257       0.00000000000    
      353     9.58761915467       43.0233757184       0.00000000000    
      354     14.3780094512       43.7198618836       0.00000000000    
      355     4.77760711632       46.4290799290       0.00000000000    
      356     4.80854656588       38.3130076493       0.00000000000    
      357     4.79380957734       42.3448006267       0.00000000000    
      358     40.1153607193       76.3715495871       0.00000000000    
      359     44.9749686044       72.0234765478       0.00000000000    
      360     50.0576803596       75.6731852891       0.00000000000    
      361     45.1980724745       80.0212583284       0.00000000000    
      362     45.0865205395       76.0223674381       0.00000000000    
      363     39.8178888925       68.4666852556       0.00000000000    
      364     49.9089444462       67.5824860594       0.00000000000    
      365     44.8634166694       68.0245856575       0.00000000000    
      366     54.9172882448       63.0485781219       0.00000000000    
      367     54.9916562015       71.2321678371       0.00000000000    
      368     54.9544722231       67.1403729795       0.00000000000    
      369     19.2042794227       52.4547447976       0.00000000000    
      370     14.4407474425       56.0184082315       0.00000000000    
      371     9.58632443182       51.2970147555       0.00000000000    
      372     14.3953019273       51.8758797766       0.00000000000    
      373     19.3839514361       60.5885878618       0.00000000000    
      374     14.5665298459       64.4269724313       0.00000000000    
      375     9.65632947046       59.6661018754       0.00000000000    
      376     14.5080880258       60.1539471007       0.00000000000    
      377     4.84207544120       63.3880035419       0.00000000000    
      378     4.80871731550       54.8309103615       0.00000000000    
      379     4.82816473523       59.0821820192       0.00000000000    
      380     40.0660241582       95.0809954382       0.00000000000    
      381     45.0990362372       90.0106291642       0.00000000000    
      382     50.0330120791       94.9296337260       0.00000000000    
      383     45.0495181186       95.0053145821       0.00000000000    
      384     40.1980724745       85.2429863147       0.00000000000    
      385     50.0990362372       84.7889011780       0.00000000000    
      386     45.1485543559       85.0159437463       0.00000000000    
      387     55.0660241582       79.4158114795       0.00000000000    
      388     55.0330120791       89.7078712260       0.00000000000    
      389     55.0495181186       84.5618413528       0.00000000000    
      390     19.5652780647       69.0020293601       0.00000000000    
      391     14.7158277484       73.0490612824       0.00000000000    
      392     9.73034148648       68.3070287354       0.00000000000    
      393     14.6376600965       68.7051799782       0.00000000000    
      394     19.7891111959       77.5117049069       0.00000000000    
      395     14.8590386383       81.8591427156       0.00000000000    
      396     9.81227293368       77.1875154012       0.00000000000    
      397     14.7998439472       77.4270402119       0.00000000000    
      398     4.92954360216       81.2547194295       0.00000000000    
      399     4.88272933152       72.2600872215       0.00000000000    
      400     4.90613646684       76.7574033255       0.00000000000    
      401     20.0125208853       86.2954749467       0.00000000000    
      402     15.0059691343       90.7610640992       0.00000000000    
      403     9.91812273814       86.1803987326       0.00000000000    
      404     14.9449146402       86.2830416203       0.00000000000    
      405     20.0173899983       95.4115935464       0.00000000000    
      406     9.98852913598       95.3494705528       0.00000000000    
      407     15.0029595671       95.3805320496       0.00000000000    
      408     4.98857913598       90.5613661777       0.00000000000    
      409     4.99426456799       95.2806830889       0.00000000000    
      410     24.9974989741       81.5421318807       0.00000000000    
      411     30.1285285435       85.8393437073       0.00000000000    
      412     25.1027361116       90.6828963346       0.00000000000    
      413     25.0501175428       86.1125141077       0.00000000000    
      414     35.1752307465       80.7300317955       0.00000000000    
      415     35.1513702715       90.3522982265       0.00000000000    
      416     35.1633005090       85.5411650110       0.00000000000    
      417     30.0853461133       95.2713027882       0.00000000000    
      418     35.0756851357       95.1761491132       0.00000000000    
      419     24.3751301513       64.9503623271       0.00000000000    
      420     29.5562365050       68.9759015539       0.00000000000    
      421     24.6919123256       73.1862746669       0.00000000000    
      422     24.5506076058       69.0396163874       0.00000000000    
      423     34.4937437487       64.8755887811       0.00000000000    
      424     34.8421263118       72.7033593167       0.00000000000    
      425     34.6870626987       68.7212934047       0.00000000000    
      426     29.9019963389       77.0618415251       0.00000000000    
      427     35.0086785291       76.7166955561       0.00000000000    
      428     24.0089569886       49.0323566234       0.00000000000    
      429     29.0011292662       53.4028008877       0.00000000000    
      430     24.1676027342       56.8883389835       0.00000000000    
      431     24.1027043445       52.9287728426       0.00000000000    
      432     33.9318212009       50.1643933763       0.00000000000    
      433     34.1219999789       57.3599548491       0.00000000000    
      434     34.0064204557       53.7046423960       0.00000000000    
      435     29.2459080052       61.0763548437       0.00000000000    
      436     34.2881686913       61.0785858057       0.00000000000    
      437     25.1622314910       34.3460688227       0.00000000000    
      438     29.3224088018       39.2276762307       0.00000000000    
      439     24.0257301992       41.4157201628       0.00000000000    
      440     24.2801251939       37.6596259971       0.00000000000    
      441     34.9500863569       37.5386172897       0.00000000000    
      442     33.9714340663       43.3599471490       0.00000000000    
      443     34.3105335337       40.3394790582       0.00000000000    
      444     28.8662874401       46.0317287372       0.00000000000    
      445     33.9002901816       46.6815861414       0.00000000000    
      446     23.5818950150       29.1017280539       0.00000000000    
      447     29.4255499896       29.3190772596       0.00000000000    
      448     31.4093469035       33.5065503119       0.00000000000    
      449     27.1378973593       31.5570755575       0.00000000000    
      450     28.8661899903       25.0656645418       0.00000000000    
      451     33.7170162197       25.5307397681       0.00000000000    
      452     34.9145517633       29.1375048697       0.00000000000    
      453     31.6108244631       27.3098477345       0.00000000000    
      454     40.0926917825       28.6405489564       0.00000000000    
      455     37.2084662928       32.6046960120       0.00000000000    
      456     38.6181299996       30.5367252317       0.00000000000    
      457     42.2305181157       11.2283588986       0.00000000000    
      458     40.6568564211       9.72292962501       0.00000000000    
      459     43.0044776345       9.06592453226       0.00000000000    
      460     42.5727892916       10.0986884616       0.00000000000    
      461     38.1616482329       10.6008747628       0.00000000000    
      462     40.0651722649       7.86196555305       0.00000000000    
      463     38.8723682591       9.08583546659       0.00000000000    
      464     42.3558429688       7.56389978261       0.00000000000    
      465     41.3533419564       6.83508370822       0.00000000000    
      466     37.8170413185       16.7011875050       0.00000000000    
      467     38.7761593576       14.2747850253       0.00000000000    
      468     41.7093086623       15.4595874838       0.00000000000    
      469     41.1198136137       17.6080907124       0.00000000000    
      470     39.7721514101       16.0255220897       0.00000000000    
      471     36.0115065134       12.4893741570       0.00000000000    
      472     40.3811661377       12.4743639046       0.00000000000    
      473     38.2259938832       12.3991655605       0.00000000000    
      474     44.2825412079       12.3345264394       0.00000000000    
      475     42.8241171061       13.7150821572       0.00000000000    
      476     42.3721689756       12.4392127965       0.00000000000    
      477     51.3250938721       13.5218224198       0.00000000000    
      478     49.0710621763       13.3488405323       0.00000000000    
      479     49.8910300812       12.2142650730       0.00000000000    
      480     50.5961531764       12.8787141268       0.00000000000    
      481     48.1247914777       14.7815592990       0.00000000000    
      482     45.4823909469       14.4338775759       0.00000000000    
      483     46.6177822700       13.0064077362       0.00000000000    
      484     47.2891200829       13.8998165651       0.00000000000    
      485     47.9020987976       11.7557518091       0.00000000000    
      486     46.1739177031       12.0741134646       0.00000000000    
      487     52.7938571199       16.0979817436       0.00000000000    
      488     53.0683908109       14.6404834836       0.00000000000    
      489     53.9744877819       15.1572850529       0.00000000000    
      490     50.4748544692       17.9913819019       0.00000000000    
      491     50.2859261993       16.3915144294       0.00000000000    
      492     51.6307559685       17.0428979553       0.00000000000    
      493     47.5837436542       16.3978451541       0.00000000000    
      494     50.6412391761       14.8734861471       0.00000000000    
      495     49.1852193304       15.5918646875       0.00000000000    
      496     41.1394213245       20.0186583984       0.00000000000    
      497     41.7372135483       22.5903909194       0.00000000000    
      498     37.5997341119       22.4718203833       0.00000000000    
      499     37.4161301331       19.4871513077       0.00000000000    
      500     39.3997920094       21.1730868152       0.00000000000    
      501     45.6472364575       22.4278416482       0.00000000000    
      502     42.9766973358       25.2468870486       0.00000000000    
      503     44.3553239482       23.7558337833       0.00000000000    
      504     38.4605048571       25.5500904895       0.00000000000    
      505     41.5504107208       26.8716640894       0.00000000000    
      506     44.7530837852       20.1853146183       0.00000000000    
      507     48.1463089897       20.0413450150       0.00000000000    
      508     46.9371450521       21.1723672082       0.00000000000    
      509     44.4148062895       18.0613036631       0.00000000000    
      510     42.7960215861       18.9944876006       0.00000000000    
      511     44.6882379348       16.1250713475       0.00000000000    
      512     47.5615191154       18.1638257578       0.00000000000    
      513     46.0008843748       17.2170560700       0.00000000000    
      514     17.0847346124       14.0027278010       0.00000000000    
      515     20.9329856917       16.9644349000       0.00000000000    
      516     19.4380695355       21.7819665240       0.00000000000    
      517     18.0625667376       17.7403060128       0.00000000000    
      518     22.9192289240       12.8070439232       0.00000000000    
      519     26.4553927667       15.2596043114       0.00000000000    
      520     24.9532225197       19.3631286017       0.00000000000    
      521     23.7057532016       16.1014502518       0.00000000000    
      522     29.1277094052       20.9632112494       0.00000000000    
      523     23.9893143487       24.0040955333       0.00000000000    
      524     26.6455065287       22.3915904143       0.00000000000    
      525     26.5127835809       3.05374717598       0.00000000000    
      526     23.1311022148       6.39214506043       0.00000000000    
      527     20.6905129906       3.34274486590       0.00000000000    
      528     23.5969744543       3.20724329899       0.00000000000    
      529     25.7477973177       9.17458576097       0.00000000000    
      530     19.8922030501       9.93814125586       0.00000000000    
      531     22.8489684596       9.57248370084       0.00000000000    
      532     17.1178787664       6.89324786963       0.00000000000    
      533     16.8239673862       10.3607037290       0.00000000000    
      534     32.6201870471       5.25230228327       0.00000000000    
      535     30.6886092386       2.81592854673       0.00000000000    
      536     32.7064965969       2.62373306138       0.00000000000    
      537     33.2986846499       10.4700532998       0.00000000000    
      538     30.5720516818       8.41660553514       0.00000000000    
      539     32.7857255491       7.97525047144       0.00000000000    
      540     28.4207401963       11.6831729773       0.00000000000    
      541     28.3122719478       5.94089790420       0.00000000000    
      542     28.2184733566       8.81663196709       0.00000000000    
      543     31.5026585193       13.6513501214       0.00000000000    
      544     30.0805836345       17.1397517671       0.00000000000    
      545     29.1148641781       14.4075822406       0.00000000000    
      546     34.5955321836       15.3336156329       0.00000000000    
      547     33.8210682723       12.9471078160       0.00000000000    
      548     33.7028866317       18.5380624880       0.00000000000    
      549     35.7995432741       17.5241504194       0.00000000000    
      550     44.4805236334       3.05585874707       0.00000000000    
      551     58.6883252562       16.0904845510       0.00000000000    
      552     45.9099700572       6.70784707531       0.00000000000    
      553     48.6167406968       10.8132502650       0.00000000000    
      554     48.0395988799       10.0659041369       0.00000000000    
      555     57.2116384342       23.0667001987       0.00000000000    
      556     39.3423533403       1.68531426111       0.00000000000    
      557     56.0748744037       29.2197410349       0.00000000000    
      558     55.0574686005       37.0681355426       0.00000000000    
      559     54.6993953944       47.0253255938       0.00000000000    
      560     54.8599599673       59.7016363737       0.00000000000    
      561     14.8119548649       3.43107373920       0.00000000000    
      562     11.1826026284       3.40806172918       0.00000000000    
      563     3.95690913505       18.7009289515       0.00000000000    
      564     4.79781299913       34.2785439312       0.00000000000    
      565     55.0288401798       75.3239896583       0.00000000000    
      566     4.79316221591       50.6299951452       0.00000000000    
      567     55.0165060395       94.8539356130       0.00000000000    
      568     4.86517074324       67.7967704492       0.00000000000    
      569     4.95906136907       85.9080428036       0.00000000000    
      570     25.0513680558       95.3414481673       0.00000000000    
      571     24.8447056498       77.3642032738       0.00000000000    
      572     24.2649431561       60.8977356055       0.00000000000    
      573     23.9518372728       45.2170412459       0.00000000000    
      574     36.0079669897       34.8834660984       0.00000000000    
      575     43.4880405068       8.19465168115       0.00000000000    
      576     43.6301287248       14.9438624945       0.00000000000    
      577     49.2942703562       11.5304481013       0.00000000000    
      578     52.1583365150       14.1050458092       0.00000000000    
      579     33.3813360571       21.9464568282       0.00000000000    
      580     35.7015387271       23.9063196945       0.00000000000    
      581     49.3318292567       18.9750460100       0.00000000000    
      582     21.1387549631       25.7695189569       0.00000000000    
      583     17.7547759856       3.44625367531       0.00000000000    
      584     28.5994112179       2.99756747605       0.00000000000    
      585     31.4890025218       19.6742535776       0.00000000000    

