        1     0.00000000000       0.00000000000       0.00000000000    
        2     45.0000000000       0.00000000000       0.00000000000    
        3     7.88155852302       0.00000000000       0.00000000000    
        4     15.7631170460       0.00000000000       0.00000000000    
        5     21.4006500000       0.00000000000       0.00000000000    
        6     27.0385767440       0.00000000000       0.00000000000    
        7     60.0000000000       15.0000000000       0.00000000000    
        8     58.0420681821       14.8716677947       0.00000000000    
        9     56.1177143234       14.4888873943       0.00000000000    
       10     54.2597485137       13.8581929873       0.00000000000    
       11     52.4999999984       12.9903810558       0.00000000000    
       12     50.8686097162       11.9003240076       0.00000000000    
       13     60.0000000000       100.000000000       0.00000000000    
       14     60.0000000000       89.5564750000       0.00000000000    
       15     60.0000000000       79.1130880551       0.00000000000    
       16     60.0000000000       70.8365000000       0.00000000000    
       17     60.0000000000       62.5600197993       0.00000000000    
       18     60.0000000000       56.0010250000       0.00000000000    
       19     60.0000000000       49.4415622023       0.00000000000    
       20     60.0000000000       44.2434000000       0.00000000000    
       21     0.00000000000       100.000000000       0.00000000000    
       22     50.0000000000       100.000000000       0.00000000000    
       23     40.0000000000       100.000000000       0.00000000000    
       24     0.00000000000       90.4237912497       0.00000000000    
       25     0.00000000000       80.8475824995       0.00000000000    
       26     0.00000000000       71.8070000000       0.00000000000    
       27     0.00000000000       62.7660243261       0.00000000000    
       28     0.00000000000       54.2305000000       0.00000000000    
       29     25.7462946782       12.2183859832       0.00000000000    
       30     46.7616406115       15.1721588373       0.00000000000    
       31     19.9086330878       81.9481819233       0.00000000000    
       32     19.1126262627       48.4476192633       0.00000000000    
       33     40.2640966327       80.3239817529       0.00000000000    
       34     19.4237605795       64.8217143202       0.00000000000    
       35     13.7394238673       14.3113903127       0.00000000000    
       36     39.6691529791       64.5142530898       0.00000000000    
       37     19.8455301826       31.7577693778       0.00000000000    
       38     39.0416758682       50.5030396450       0.00000000000    
       39     39.2957568424       18.4302572887       0.00000000000    
       40     39.7561364278       38.4710200911       0.00000000000    
       41     35.6654521512       9.90872728925       0.00000000000    
       42     43.8259277284       29.5981756955       0.00000000000    
       43     48.2334710093       23.3015720143       0.00000000000    
       44     52.1573843988       18.6145623364       0.00000000000    
       45     31.1491727137       23.3949720762       0.00000000000    
       46     44.1003041056       11.1927818209       0.00000000000    
       47     42.0053485768       5.16830068588       0.00000000000    
       48     44.9986278165       8.08930487708       0.00000000000    
       49     31.0711500000       0.00000000000       0.00000000000    
       50     49.3933982796       10.6066017152       0.00000000000    
       51     48.0996759860       9.13139027545       0.00000000000    
       52     60.0000000000       39.0450648845       0.00000000000    
       53     47.0096189405       7.49999999525       0.00000000000    
       54     46.1418070102       5.74025148034       0.00000000000    
       55     60.0000000000       34.9252750000       0.00000000000    
       56     35.1039860809       0.00000000000       0.00000000000    
       57     60.0000000000       30.8057459187       0.00000000000    
       58     60.0000000000       27.5409000000       0.00000000000    
       59     60.0000000000       24.2760104758       0.00000000000    
       60     60.0000000000       21.6886500000       0.00000000000    
       61     0.00000000000       45.6954510699       0.00000000000    
       62     37.9885500000       0.00000000000       0.00000000000    
       63     0.00000000000       37.6370000000       0.00000000000    
       64     0.00000000000       29.5793360481       0.00000000000    
       65     60.0000000000       19.1011355701       0.00000000000    
       66     0.00000000000       21.9715000000       0.00000000000    
       67     60.0000000000       17.0505677851       0.00000000000    
       68     30.0000000000       100.000000000       0.00000000000    
       69     0.00000000000       14.3643131254       0.00000000000    
       70     20.0000000000       100.000000000       0.00000000000    
       71     0.00000000000       7.18200000000       0.00000000000    
       72     9.99990000000       100.000000000       0.00000000000    
       73     45.5111126038       3.88228566948       0.00000000000    
       74     45.1283270789       1.95789287968       0.00000000000    
       75     40.8732256075       0.00000000000       0.00000000000    
       76     42.9365250000       0.00000000000       0.00000000000    
       77     41.1117082915       2.70117802516       0.00000000000    
       78     43.7364891469       4.19069523530       0.00000000000    
       79     43.1333459372       2.19236272014       0.00000000000    
       80     55.9520558085       19.3216739985       0.00000000000    
       81     54.0588831285       16.5616676503       0.00000000000    
       82     56.8937160480       17.0986472318       0.00000000000    
       83     43.5019881966       6.62880278148       0.00000000000    
       84     45.8191455307       7.73092462772       0.00000000000    
       85     44.7114561315       5.94527854645       0.00000000000    
       86     44.7868978841       9.49895376646       0.00000000000    
       87     47.4918932726       10.9476927113       0.00000000000    
       88     46.5202761230       9.50661776630       0.00000000000    
       89     50.3111379062       20.7711012201       0.00000000000    
       90     53.9559328612       24.3364441756       0.00000000000    
       91     54.9677796691       21.6991957440       0.00000000000    
       92     39.0971425493       6.72274319213       0.00000000000    
       93     34.4154189289       5.00448155645       0.00000000000    
       94     37.8555591959       3.88261908156       0.00000000000    
       95     46.0161585328       26.2339287846       0.00000000000    
       96     51.6471522480       30.7971006077       0.00000000000    
       97     52.8157997162       27.3292099944       0.00000000000    
       98     41.4587000351       33.7245830061       0.00000000000    
       99     49.7328339110       39.4011180977       0.00000000000    
      100     50.4970404909       34.9010841884       0.00000000000    
      101     39.1114675618       44.1118832845       0.00000000000    
      102     49.3759502697       49.8795920572       0.00000000000    
      103     49.4216313078       44.5367481157       0.00000000000    
      104     39.2105267592       57.4159375010       0.00000000000    
      105     49.8345764895       63.5371364445       0.00000000000    
      106     49.6052633796       56.7083642509       0.00000000000    
      107     7.27742076265       15.0512985294       0.00000000000    
      108     13.8607926837       6.86214747840       0.00000000000    
      109     7.29947612385       7.05231915574       0.00000000000    
      110     16.4344529058       22.8321268992       0.00000000000    
      111     9.57122791984       31.0137970282       0.00000000000    
      112     8.54262665522       23.0847191358       0.00000000000    
      113     19.2241732327       40.3850768346       0.00000000000    
      114     9.55521423264       47.1627087881       0.00000000000    
      115     9.62002407670       38.8840426486       0.00000000000    
      116     39.9666248059       72.4191174214       0.00000000000    
      117     50.1320483163       79.7185349040       0.00000000000    
      118     49.9833124029       71.6278356743       0.00000000000    
      119     19.2959325827       56.4618703320       0.00000000000    
      120     9.69522430992       63.9008830278       0.00000000000    
      121     9.61743463100       55.4313207230       0.00000000000    
      122     40.1320483163       90.1619908765       0.00000000000    
      123     50.0660241582       89.8592674520       0.00000000000    
      124     19.6661968337       73.3849481217       0.00000000000    
      125     9.85908720431       81.6618563594       0.00000000000    
      126     9.76545866304       72.7131744430       0.00000000000    
      127     20.0347799966       90.8231870928       0.00000000000    
      128     9.97715827196       90.6989411057       0.00000000000    
      129     30.0863648603       81.1360818381       0.00000000000    
      130     30.1706922267       90.5426055765       0.00000000000    
      131     29.3948451924       64.9642018957       0.00000000000    
      132     29.7176278176       72.9876012121       0.00000000000    
      133     28.9052877145       49.6170939835       0.00000000000    
      134     29.0969708180       57.1885077918       0.00000000000    
      135     29.9441803329       36.1388903324       0.00000000000    
      136     28.8272871657       42.4463634909       0.00000000000    
      137     26.2897730401       26.9571490755       0.00000000000    
      138     36.7486420771       27.1681798301       0.00000000000    
      139     32.8728511631       31.1993709639       0.00000000000    
      140     40.1818977919       11.0701229610       0.00000000000    
      141     41.2220573850       8.63289529806       0.00000000000    
      142     36.6278872048       14.6932773600       0.00000000000    
      143     44.9056383660       13.2370475124       0.00000000000    
      144     43.0170573046       16.7059392179       0.00000000000    
      145     40.8149107774       13.9143893096       0.00000000000    
      146     49.6707271251       14.1696866967       0.00000000000    
      147     48.6446217807       12.4861224600       0.00000000000    
      148     48.8864732361       17.2626394883       0.00000000000    
      149     51.6021739781       15.5588176147       0.00000000000    
      150     43.2571771615       21.3333223975       0.00000000000    
      151     35.3881147693       20.6325098821       0.00000000000    
      152     40.0804673055       24.0162273856       0.00000000000    
      153     46.1101679227       19.1424497154       0.00000000000    
      154     19.9229509678       13.2650039456       0.00000000000    
      155     27.5400409180       18.2026017931       0.00000000000    
      156     22.1534392094       20.5527028936       0.00000000000    
      157     25.9869904179       6.10749435196       0.00000000000    
      158     20.0945055560       6.65332500965       0.00000000000    
      159     30.8633472986       11.0368278792       0.00000000000    
      160     30.8249551652       5.50012301008       0.00000000000    
      161     32.3097738175       16.1725133070       0.00000000000    

